231,52
69,25
231,65
231,64
231,48
231,47
69,35
69,23
231,122
231,57
231,63
231,62
231,55
69,34
231,61
69,33
69,26
69,32
69,31
69,14
231,60
69,30
231,59
69,29
231,58
231,49
231,56
231,41
231,45
231,54
69,28
231,53
231,38
69,27
69,24
69,19
231,51
69,17
69,13
69,22
231,50
69,21
231,35
231,33
231,31
231,46
231,44
231,34
69,20
231,43
69,18
69,16
69,5
69,4
231,42
69,15
231,26
231,40
231,39
69,6
69,12
231,23
231,37
231,36
231,19
231,14
69,11
231,32
231,30
231,9
231,8
231,29
69,10
231,28
231,27
231,25
231,7
231,24
69,9
231,22
231,4
69,8
69,7
231,21
231,20
231,18
231,5
231,17
322,13
322,12
231,16
231,15
231,6
231,13
231,12
231,11
231,10
492,33
492,32
492,9
492,31
492,30
492,23
492,29
492,28
492,27
492,10
492,17
492,26
492,16
492,25
492,13
492,24
492,14
492,22
492,21
492,20
492,19
492,18
492,15
492,5
492,12
492,11
492,4
492,8
492,7
492,6
437,13
437,12
437,11
293,12
293,11
293,5
293,10
293,9
293,4
293,8
293,7
293,6
265,11
265,10
265,9
265,8
265,7
265,6
265,5
118,9
118,8
492,3
492,2
492,1
492,0
2,174
491,5
491,4
491,3
491,2
491,1
491,0
2,173
490,5
490,4
490,3
490,2
490,1
490,0
489,8
489,7
489,6
489,5
489,4
489,3
489,2
489,1
489,0
488,11
488,10
488,9
488,8
488,7
488,6
488,5
488,4
488,3
488,2
488,1
488,0
487,8
487,7
487,6
487,5
487,4
487,3
487,2
487,1
487,0
2,192
486,6
486,5
486,4
486,3
486,2
486,1
486,0
485,7
485,6
485,5
485,4
485,3
485,2
485,1
485,0
2,172
2,171
484,8
484,7
484,6
484,5
484,4
484,3
484,2
484,1
484,0
2,170
483,21
483,20
483,19
483,18
483,17
483,16
483,15
483,14
483,13
483,12
483,11
483,10
483,9
483,8
483,7
483,6
483,5
483,4
483,3
483,2
483,1
483,0
482,8
482,7
482,6
482,5
482,4
482,3
482,2
482,1
482,0
2,169
481,6
481,5
481,4
481,3
481,2
481,1
481,0
2,168
2,167
480,11
480,10
480,9
480,8
480,7
480,6
480,5
480,4
480,3
480,2
480,1
480,0
2,166
479,8
479,7
479,6
479,5
479,4
479,3
479,2
479,1
479,0
2,165
2,164
478,11
478,10
478,9
478,8
478,7
478,6
478,5
478,4
478,3
478,2
478,1
478,0
477,6
477,5
477,4
477,3
477,2
477,1
477,0
476,8
476,7
476,6
476,5
476,4
476,3
476,2
476,1
476,0
475,6
475,5
475,4
475,3
475,2
475,1
475,0
474,9
474,8
474,7
474,6
474,5
474,4
474,3
474,2
474,1
474,0
473,5
473,4
473,3
473,2
473,1
473,0
472,5
472,4
472,3
472,2
472,1
472,0
471,6
471,5
471,4
471,3
471,2
471,1
471,0
470,4
470,3
470,2
470,1
470,0
469,4
469,3
469,2
469,1
469,0
2,163
468,4
468,3
468,2
468,1
468,0
467,4
467,3
467,2
467,1
467,0
2,162
2,161
466,5
466,4
466,3
466,2
466,1
466,0
2,160
465,5
465,4
465,3
465,2
465,1
465,0
2,159
464,5
464,4
464,3
464,2
464,1
464,0
463,6
463,5
463,4
463,3
463,2
463,1
463,0
462,5
462,4
462,3
462,2
462,1
462,0
461,6
461,5
461,4
461,3
461,2
461,1
461,0
460,5
460,4
460,3
460,2
460,1
460,0
2,158
459,9
459,8
459,7
459,6
459,5
459,4
459,3
459,2
459,1
459,0
2,157
458,7
458,6
458,5
458,4
458,3
458,2
458,1
458,0
457,7
457,6
457,5
457,4
457,3
457,2
457,1
457,0
456,6
456,5
456,4
456,3
456,2
456,1
456,0
2,156
455,13
455,12
455,11
455,10
455,9
455,8
455,7
455,6
455,5
455,4
455,3
455,2
455,1
455,0
2,155
454,6
454,5
454,4
454,3
454,2
454,1
454,0
2,154
453,6
453,5
453,4
453,3
453,2
453,1
453,0
452,12
452,11
452,10
452,9
452,8
452,7
452,6
452,5
452,4
452,3
452,2
452,1
452,0
2,153
2,152
451,21
451,20
451,19
451,18
451,17
451,16
451,15
451,14
451,13
451,12
451,11
451,10
451,9
451,8
451,7
451,6
451,5
451,4
451,3
451,2
451,1
451,0
450,6
450,5
450,4
450,3
450,2
450,1
450,0
2,151
449,6
449,5
449,4
449,3
449,2
449,1
449,0
2,150
448,5
448,4
448,3
448,2
448,1
448,0
447,8
447,7
447,6
447,5
447,4
447,3
447,2
447,1
447,0
446,6
446,5
446,4
446,3
446,2
446,1
446,0
445,9
445,8
445,7
445,6
445,5
445,4
445,3
445,2
445,1
445,0
444,6
444,5
444,4
444,3
444,2
444,1
444,0
2,149
443,10
443,9
443,8
443,7
443,6
443,5
443,4
443,3
443,2
443,1
443,0
442,10
442,9
442,8
442,7
442,6
442,5
442,4
442,3
442,2
442,1
442,0
441,10
441,9
441,8
441,7
441,6
441,5
441,4
441,3
441,2
441,1
441,0
2,148
440,7
440,6
440,5
440,4
440,3
440,2
440,1
440,0
2,147
439,6
439,5
439,4
439,3
439,2
439,1
439,0
438,7
438,6
438,5
438,4
438,3
438,2
438,1
438,0
2,146
437,10
437,9
437,8
437,7
437,6
437,5
437,4
437,3
437,2
437,1
437,0
2,145
2,144
436,21
436,20
436,19
436,18
436,17
436,16
436,15
436,14
436,13
436,12
436,11
436,10
436,9
436,8
436,7
436,6
436,5
436,4
436,3
436,2
436,1
436,0
2,143
435,7
435,6
435,5
435,4
435,3
435,2
435,1
435,0
434,6
434,5
434,4
434,3
434,2
434,1
434,0
433,9
433,8
433,7
433,6
433,5
433,4
433,3
433,2
433,1
433,0
432,4
432,3
432,2
432,1
432,0
431,5
431,4
431,3
431,2
431,1
431,0
2,142
430,4
430,3
430,2
430,1
430,0
429,7
429,6
429,5
429,4
429,3
429,2
429,1
429,0
428,5
428,4
428,3
428,2
428,1
428,0
2,141
427,20
427,19
427,18
427,17
427,16
427,15
427,14
427,13
427,12
427,11
427,10
427,9
427,8
427,7
427,6
427,5
427,4
427,3
427,2
427,1
427,0
2,140
2,139
426,13
426,12
426,11
426,10
426,9
426,8
426,7
426,6
426,5
426,4
426,3
426,2
426,1
426,0
2,138
425,6
425,5
425,4
425,3
425,2
425,1
425,0
424,8
424,7
424,6
424,5
424,4
424,3
424,2
424,1
424,0
2,137
423,6
423,5
423,4
423,3
423,2
423,1
423,0
2,136
422,6
422,5
422,4
422,3
422,2
422,1
422,0
421,7
421,6
421,5
421,4
421,3
421,2
421,1
421,0
420,7
420,6
420,5
420,4
420,3
420,2
420,1
420,0
419,6
419,5
419,4
419,3
419,2
419,1
419,0
2,135
418,9
418,8
418,7
418,6
418,5
418,4
418,3
418,2
418,1
418,0
417,17
417,16
417,15
417,14
417,13
417,12
417,11
417,10
417,9
417,8
417,7
417,6
417,5
417,4
417,3
417,2
417,1
417,0
416,5
416,4
416,3
416,2
416,1
416,0
415,14
415,13
415,12
415,11
415,10
415,9
415,8
415,7
415,6
415,5
415,4
415,3
415,2
415,1
415,0
414,8
414,7
414,6
414,5
414,4
414,3
414,2
414,1
414,0
2,134
413,13
413,12
413,11
413,10
413,9
413,8
413,7
413,6
413,5
413,4
413,3
413,2
413,1
413,0
2,133
412,11
412,10
412,9
412,8
412,7
412,6
412,5
412,4
412,3
412,2
412,1
412,0
2,132
411,7
411,6
411,5
411,4
411,3
411,2
411,1
411,0
410,7
410,6
410,5
410,4
410,3
410,2
410,1
410,0
2,131
409,6
409,5
409,4
409,3
409,2
409,1
409,0
408,17
408,16
408,15
408,14
408,13
408,12
408,11
408,10
408,9
408,8
408,7
408,6
408,5
408,4
408,3
408,2
408,1
408,0
407,8
407,7
407,6
407,5
407,4
407,3
407,2
407,1
407,0
2,130
406,8
406,7
406,6
406,5
406,4
406,3
406,2
406,1
406,0
405,5
405,4
405,3
405,2
405,1
405,0
404,16
404,15
404,14
404,13
404,12
404,11
404,10
404,9
404,8
404,7
404,6
404,5
404,4
404,3
404,2
404,1
404,0
403,7
403,6
403,5
403,4
403,3
403,2
403,1
403,0
402,5
402,4
402,3
402,2
402,1
402,0
2,129
2,127
401,18
401,17
401,16
401,15
401,14
401,13
401,12
401,11
401,10
401,9
401,8
401,7
401,6
401,5
401,4
401,3
401,2
401,1
401,0
2,126
400,8
400,7
400,6
400,5
400,4
400,3
400,2
400,1
400,0
2,125
399,7
399,6
399,5
399,4
399,3
399,2
399,1
399,0
2,124
398,11
398,10
398,9
398,8
398,7
398,6
398,5
398,4
398,3
398,2
398,1
398,0
397,10
397,9
397,8
397,7
397,6
397,5
397,4
397,3
397,2
397,1
397,0
2,123
396,6
396,5
396,4
396,3
396,2
396,1
396,0
2,122
395,13
395,12
395,11
395,10
395,9
395,8
395,7
395,6
395,5
395,4
395,3
395,2
395,1
395,0
394,11
394,10
394,9
394,8
394,7
394,6
394,5
394,4
394,3
394,2
394,1
394,0
2,121
393,5
393,4
393,3
393,2
393,1
393,0
392,6
392,5
392,4
392,3
392,2
392,1
392,0
2,120
391,13
391,12
391,11
391,10
391,9
391,8
391,7
391,6
391,5
391,4
391,3
391,2
391,1
391,0
2,128
390,11
390,10
390,9
390,8
390,7
390,6
390,5
390,4
390,3
390,2
390,1
390,0
389,5
389,4
389,3
389,2
389,1
389,0
388,8
388,7
388,6
388,5
388,4
388,3
388,2
388,1
388,0
387,7
387,6
387,5
387,4
387,3
387,2
387,1
387,0
2,119
386,7
386,6
386,5
386,4
386,3
386,2
386,1
386,0
385,9
385,8
385,7
385,6
385,5
385,4
385,3
385,2
385,1
385,0
384,9
384,8
384,7
384,6
384,5
384,4
384,3
384,2
384,1
384,0
383,6
383,5
383,4
383,3
383,2
383,1
383,0
382,6
382,5
382,4
382,3
382,2
382,1
382,0
381,6
381,5
381,4
381,3
381,2
381,1
381,0
380,6
380,5
380,4
380,3
380,2
380,1
380,0
379,27
379,26
379,25
379,24
379,23
379,22
379,21
379,20
379,19
379,18
379,17
379,16
379,15
379,14
379,13
379,12
379,11
379,10
379,9
379,8
379,7
379,6
379,5
379,4
379,3
379,2
379,1
379,0
378,7
378,6
378,5
378,4
378,3
378,2
378,1
378,0
2,118
377,6
377,5
377,4
377,3
377,2
377,1
377,0
2,117
376,6
376,5
376,4
376,3
376,2
376,1
376,0
375,5
375,4
375,3
375,2
375,1
375,0
374,6
374,5
374,4
374,3
374,2
374,1
374,0
373,13
373,12
373,11
373,10
373,9
373,8
373,7
373,6
373,5
373,4
373,3
373,2
373,1
373,0
372,6
372,5
372,4
372,3
372,2
372,1
372,0
371,6
371,5
371,4
371,3
371,2
371,1
371,0
370,6
370,5
370,4
370,3
370,2
370,1
370,0
369,4
369,3
369,2
369,1
369,0
0,447
368,4
368,3
368,2
368,1
368,0
0,446
0,445
367,4
367,3
367,2
367,1
367,0
0,444
0,443
0,442
366,4
0,441
366,3
366,2
366,1
366,0
0,440
0,439
0,438
365,4
365,3
365,2
365,1
365,0
0,437
364,4
364,3
364,2
364,1
364,0
1,7
363,4
363,3
363,2
363,1
363,0
362,4
362,3
362,2
362,1
362,0
361,4
361,3
361,2
361,1
361,0
2,116
360,4
360,3
360,2
360,1
360,0
2,115
359,4
359,3
359,2
359,1
359,0
358,4
358,3
358,2
358,1
358,0
2,114
357,20
357,19
357,18
357,17
357,16
357,15
357,14
357,13
357,12
357,11
357,10
357,9
357,8
357,7
357,6
357,5
357,4
357,3
357,2
357,1
357,0
356,4
356,3
356,2
356,1
356,0
355,5
355,4
355,3
355,2
355,1
355,0
1,6
354,5
354,4
354,3
354,2
354,1
354,0
2,113
353,35
353,34
353,33
353,32
353,31
353,30
353,29
353,28
353,27
353,26
353,25
353,24
353,23
353,22
353,21
353,20
353,19
353,18
353,17
353,16
353,15
353,14
353,13
353,12
353,11
353,10
353,9
353,8
353,7
353,6
353,5
353,4
353,3
353,2
353,1
353,0
2,112
352,10
352,9
352,8
352,7
352,6
352,5
352,4
352,3
352,2
352,1
352,0
351,10
351,9
351,8
351,7
351,6
351,5
351,4
351,3
351,2
351,1
351,0
350,9
350,8
350,7
350,6
350,5
350,4
350,3
350,2
350,1
350,0
2,111
349,13
349,12
349,11
349,10
349,9
349,8
349,7
349,6
349,5
349,4
349,3
349,2
349,1
349,0
348,13
348,12
348,11
348,10
348,9
348,8
348,7
348,6
348,5
348,4
348,3
348,2
348,1
348,0
347,6
347,5
347,4
347,3
347,2
347,1
347,0
346,5
346,4
346,3
346,2
346,1
346,0
345,11
345,10
345,9
345,8
345,7
345,6
345,5
345,4
345,3
345,2
345,1
345,0
2,110
0,436
344,5
344,4
344,3
344,2
344,1
344,0
2,109
343,11
343,10
343,9
343,8
343,7
343,6
343,5
343,4
343,3
343,2
343,1
343,0
0,9
342,6
342,5
342,4
342,3
342,2
342,1
342,0
2,108
341,12
341,11
341,10
341,9
341,8
341,7
341,6
341,5
341,4
341,3
341,2
341,1
341,0
340,12
340,11
340,10
340,9
340,8
340,7
340,6
340,5
340,4
340,3
340,2
340,1
340,0
339,9
339,8
339,7
339,6
339,5
339,4
339,3
339,2
339,1
339,0
338,12
338,11
338,10
338,9
338,8
338,7
338,6
338,5
338,4
338,3
338,2
338,1
338,0
2,107
337,18
337,17
337,16
337,15
337,14
337,13
337,12
337,11
337,10
337,9
337,8
337,7
337,6
337,5
337,4
337,3
337,2
337,1
337,0
336,10
336,9
336,8
336,7
336,6
336,5
336,4
336,3
336,2
336,1
336,0
2,106
2,105
335,26
335,25
335,24
335,23
335,22
335,21
335,20
335,19
335,18
335,17
335,16
335,15
335,14
335,13
335,12
335,11
335,10
335,9
335,8
335,7
335,6
335,5
335,4
335,3
335,2
335,1
335,0
334,6
334,5
334,4
334,3
334,2
334,1
334,0
2,104
333,10
333,9
333,8
333,7
333,6
333,5
333,4
333,3
333,2
333,1
333,0
2,103
332,10
332,9
332,8
332,7
332,6
332,5
332,4
332,3
332,2
332,1
332,0
331,9
331,8
331,7
331,6
331,5
331,4
331,3
331,2
331,1
331,0
2,102
330,5
330,4
330,3
330,2
330,1
330,0
329,8
329,7
329,6
329,5
329,4
329,3
329,2
329,1
329,0
0,435
328,5
328,4
328,3
328,2
328,1
328,0
0,434
327,4
327,3
327,2
327,1
327,0
326,5
326,4
326,3
326,2
326,1
326,0
325,8
325,7
325,6
325,5
325,4
325,3
325,2
325,1
325,0
324,5
324,4
324,3
324,2
324,1
324,0
323,4
323,3
323,2
323,1
323,0
322,11
322,10
322,9
322,8
322,7
322,6
322,5
322,4
322,3
322,2
322,1
322,0
321,6
321,5
321,4
321,3
321,2
321,1
321,0
320,5
320,4
320,3
320,2
320,1
320,0
319,5
319,4
319,3
319,2
319,1
319,0
318,5
318,4
318,3
318,2
318,1
318,0
2,101
317,9
317,8
317,7
317,6
317,5
317,4
317,3
317,2
317,1
317,0
316,7
316,6
316,5
316,4
316,3
316,2
316,1
316,0
315,8
315,7
315,6
315,5
315,4
315,3
315,2
315,1
315,0
314,13
314,12
314,11
314,10
314,9
314,8
314,7
314,6
314,5
314,4
314,3
314,2
314,1
314,0
313,5
313,4
313,3
313,2
313,1
313,0
312,7
312,6
312,5
312,4
312,3
312,2
312,1
312,0
2,100
311,13
311,12
311,11
311,10
311,9
311,8
311,7
311,6
311,5
311,4
311,3
311,2
311,1
311,0
0,433
310,6
310,5
310,4
310,3
310,2
310,1
310,0
0,431
309,14
309,13
309,12
309,11
309,10
309,9
309,8
309,7
309,6
309,5
309,4
309,3
309,2
309,1
309,0
308,6
308,5
308,4
308,3
308,2
308,1
308,0
307,5
307,4
307,3
307,2
307,1
307,0
306,6
306,5
306,4
306,3
306,2
306,1
306,0
305,5
305,4
305,3
305,2
305,1
305,0
2,99
304,5
304,4
304,3
304,2
304,1
304,0
2,98
303,19
303,18
303,17
303,16
303,15
303,14
303,13
303,12
303,11
303,10
303,9
303,8
303,7
303,6
303,5
303,4
303,3
303,2
303,1
303,0
2,97
302,5
302,4
302,3
302,2
302,1
302,0
301,23
301,22
301,21
301,20
301,19
301,18
301,17
301,16
301,15
301,14
301,13
301,12
301,11
301,10
301,9
301,8
301,7
301,6
301,5
301,4
301,3
301,2
301,1
301,0
300,7
300,6
300,5
300,4
300,3
